"telomere_length"	"cholesterol__total"	"ulcerative_colitis"	"crohns_disease"	"c.reactive_protein"	"type_2_diabetes"	"multiple_sclerosis"	"type_1_diabetes"	"inflammatory_bowel_disease"	"ldl_cholesterol"	"celiac_disease"	"hdl_cholesterol"	"breast_cancer"	"metabolite_levels"	"platelet_counts"	"rheumatoid_arthritis"	"systemic_lupus_erythematosus"
"H3K4me3_Stomach_Smooth_Muscle"	0.00926230811137	0.295409754421143	0.7876426377832	0.213078970800111	-1	-1	0.153456693878438	-1	0.00113645082939373	0.317602840793333	-1	0.45756524533764	0.015980495404684	0.756603294137613	0.0011912729551635	-0.861862753692467	0.204768109268194
"H3K4me3_CD3_Primary_Cells"	0.0219073147897333	0.236961704626842	0.891900190138261	0.7511277640196	1	-1	1.665754805226e-05	0.8443197732108	0.000418285901723714	0.578136226124846	0.0006008809665938	0.763753889474571	0.11308909010396	0.756603294137613	0.024418476336113	0.266763922634308	0.0372153859230833
"H3K4me3_Adipose_Derived_Mesenchymal_Stem_Cell_Cultured_Cells"	0.00926230811137	0.360768196187407	-1	0.716292114482333	1	-1	0.1274628256052	-0.53495453936	0.00285276151950952	0.540875792721636	0.832288043776428	0.45756524533764	0.02143959998	-0.756603294137613	0.0003662573482779	0.527977068334455	0.0330803078756364
"H3K4me3_CD8_Naive_Primary_Cells"	0.0130944866634909	0.236961704626842	0.22727645327035	0.0569442180657778	1	-1	1.9277520434964e-07	0.010344103603095	8.65530106828222e-09	0.745756455309786	0.00118679240655533	-1	0.128724239307583	0.756603294137613	0.00730596471156	0.0140958523768143	0.067404842266
"H3K4me3_Adipose_Nuclei"	0.025359057662675	-0.870145409311576	0.25703711490382	0.213078970800111	1	1	0.000352683088431375	-1	1.1887503654654e-07	-1	0.874416931664211	0.49278683411	0.0259615420570333	0.852783736127	1.50625150365333e-05	0.428684367925	0.0372701614253385
"H3K4me3_CD8_Memory_Primary_Cells"	0.0133078132524389	0.236961704626842	0.134998444558	0.001786792044443	-1	-1	9.501946852295e-08	0.00203005368065267	5.8985088421285e-12	0.907296361453125	0.0022525163760235	0.819721788362643	0.223187572730875	0.852783736127	0.0271156608346857	6.443781483013e-05	0.00826594920166
"H3K4me3_Brain_Hippocampus_Middle"	0.0140677558016305	0.236961704626842	0.965228485858414	-1	1	-1	0.41094061709669	1	0.0121461559621736	0.230992102635156	1	0.7022935288602	0.253791886457053	0.663337450988267	0.00626410475289	0.527977068334455	0.20849327544103
"H3K4me3_Brain_Inferior_Temporal_Lobe"	0.0795785873980323	0.35003526876648	-0.965228485858414	-0.932149162953125	1	-1	0.4433857735028	-1	0.0130286168848138	0.286091599637143	-1	0.49278683411	0.441211056246786	0.663337450988267	0.00444399719905846	0.527977068334455	0.18077302228163
"H3K4me3_Brain_Cingulate_Gyrus"	0.0853053413472606	0.2660860679327	-0.965228485858414	-0.932149162953125	1	-1	0.19440427951664	1	0.0537749513291103	0.286091599637143	-1	0.678999921399	0.36082400241688	0.663337450988267	0.00546827577273867	0.842562853734828	0.187889312347586
"H3K4me3_CD19_Primary_Cells"	0.0474406649726667	-1	0.890884513960727	0.0864081729839538	1	-1	0.00487604857956667	0.757219187863846	3.45134415713629e-09	-0.905016624331793	0.0970531834092222	-0.819721788362643	-1	0.739932890202	0.010687842953236	8.19296598850933e-05	0.00826594920166
"H3K4me3_Pancreatic_Islets"	0.00926230811137	0.236961704626842	-0.7876426377832	0.579552450704632	1	0.727698312326	0.547108013999937	1	0.129812773207	0.132861220698286	-1	0.49278683411	0.275053236793913	0.6622864706076	0.0520720243251187	0.912515137908437	0.176153843414308
"H3K4me3_Duodenum_Mucosa"	0.0222206756042609	0.03801681580573	0.172460759554486	0.0563072994977	1	-1	0.118743266659812	1	4.5646519236025e-09	0.0688246662486667	0.4651493848264	0.562644796818	0.275053236793913	0.756603294137613	0.0736674068417212	0.521143391411158	0.067404842266
"H3K4me3_Colonic_Mucosa"	0.033758069353432	0.236961704626842	0.167722685777167	0.113142009291987	1	-1	0.0630673711838154	-1	2.25184661587215e-05	0.17285973107585	1	0.935907758211806	0.285432403903417	0.756603294137613	0.00822464652620444	0.12526079406902	0.147265291147833
"H3K4me3_Brain_Substantia_Nigra"	0.00926230811137	0.236961704626842	0.9278359024405	-0.932149162953125	1	-1	0.303485648581071	-1	0.0740479332883687	0.055398539884505	1	0.819721788362643	0.390575154761704	0.663337450988267	0.000782306035938	0.912515137908437	0.20849327544103
"H3K4me3_Mobilized_CD34_Primary_Cells"	0.0130944866634909	0.870145409311576	0.0256974277406133	0.0007182456385446	-1	-1	0.0001435379289654	0.376797467870775	3.968948349473e-15	0.907296361453125	0.650894209532182	0.49278683411	0.06771977083465	0.756603294137613	2.4376728827686e-14	0.00946307897723667	0.031522034568588
"H3K4me3_Adult_Liver"	0.0338381473420615	7.769193255082e-07	-1	-0.932149162953125	2.3957004873634e-07	-1	0.525053344553097	-1	0.0620451857396267	5.412450912956e-06	0.874416931664211	0.00011320519215714	-0.917234701514	0.020550696529002	0.00444399719905846	-0.946848907115	0.204768109268194
"H3K4me3_Duodenum_Smooth_Muscle"	0.0133078132524389	0.236961704626842	0.305981339445667	0.109303510615743	-1	-1	0.176341879359	-1	1.51452572918633e-05	0.3997370732059	0.832288043776428	0.819721788362643	0.390575154761704	0.663337450988267	0.00530925276170857	0.639069383578417	0.031522034568588
"H3K4me3_Stomach_Mucosa"	0.0462490476628552	0.1451665425756	-1	0.716292114482333	1	-1	0.287820055534	-1	0.00285276151950952	0.058815128750504	-1	0.49278683411	0.708052305388759	0.6622864706076	0.0264281008923538	0.822151535846222	0.324350054154
"H3K4me3_CD34_Cultured_Cells"	0.00926230811137	0.360768196187407	0.558215798916769	0.0389741006350971	1	1	0.187049275694435	1	0.0038457984892687	0.531341256960095	0.06141476786205	0.697278861935474	-1	0.6622864706076	0.0461741976577733	0.46369775074	0.115091332466357
"H3K4me3_CD34_Primary_Cells"	0.38325187164	0.309819867127913	0.7876426377832	0.0678693731034545	1	1	0.554857762203151	-1	0.0627734966606451	0.286091599637143	-1	0.642729187715375	0.813833786472258	0.663337450988267	0.152128092105	0.505417202269111	0.115091332466357
"H3K4me3_Adult_Kidney"	0.0130944866634909	0.35003526876648	0.782055143461	0.716292114482333	1	-1	0.153456693878438	-1	0.0038457984892687	0.578136226124846	1	0.935907758211806	0.155954101634557	0.663337450988267	0.0476345484547677	0.12526079406902	0.0462241891245
"H3K4me3_Colon_Smooth_Muscle"	0.0133078132524389	0.236961704626842	0.305981339445667	0.175683527361725	1	-1	-1	-1	0.00187489662177878	0.3997370732059	1	0.819721788362643	0.015980495404684	0.663337450988267	0.026061728077496	0.842562853734828	0.112576188066242
"H3K4me3_Skeletal_Muscle"	0.0462490476628552	0.480112199456138	0.7876426377832	1	-1	1	0.0667688457224933	0.74725259721	0.00173597384853963	0.578136226124846	0.832288043776428	0.06614611693296	0.253791886457053	0.756603294137613	0.0105481898716842	0.17862453984865	0.067404842266
"H3K4me3_Muscle_Satellite_Cultured_Cells"	0.0133078132524389	0.236961704626842	-1	0.6955828829478	1	-1	0.0667688457224933	-1	0.00610071714069167	0.317602840793333	0.874416931664211	0.562644796818	0.275053236793913	0.756603294137613	0.003011939331076	-0.946848907115	0.115091332466357
"H3K4me3_CD4_Naive_Primary_Cells"	0.0133078132524389	0.236961704626842	0.134998444558	0.0004311216263322	-1	-1	1.62340012709667e-08	0.00203005368065267	1.4295841601912e-10	0.602061895188667	0.00698192068945333	0.562644796818	0.128724239307583	0.756603294137613	0.0128471122399162	0.00015566492601596	0.031522034568588
"H3K4me3_CD4_Memory_Primary_Cells"	0.0133078132524389	0.656861904581419	0.7876426377832	0.0004462462661795	1	-1	7.045403716478e-11	0.015410682070748	6.657278918726e-14	-1	0.006469614535878	0.935907758211806	0.021482314035636	0.756603294137613	0.026061728077496	8.388743086543e-05	0.00826594920166
"H3K4me3_Bone_Marrow_Derived_Mesenchymal_Stem_Cell_Cultured_Cells"	0.00926230811137	0.465059883669857	0.839281494704095	0.0736695725276667	-1	1	0.259554269893	-0.437317551933556	0.00285015084233579	0.317602840793333	0.874416931664211	0.49278683411	0.275053236793913	0.756603294137613	0.000782306035938	0.344363591209733	0.100226635268633
"H3K4me3_Brain_Mid_Frontal_Lobe"	0.0814918394258875	0.649881017008267	-0.965228485858414	-0.932149162953125	1	-1	0.153456693878438	-0.8443197732108	0.0146297334997259	0.578136226124846	0.874416931664211	0.678999921399	0.741725689030267	0.756603294137613	0.0271156608346857	0.633274323330956	0.182148051698071
"H3K4me3_Brain_Anterior_Caudate"	0.00926230811137	0.236961704626842	-0.93708659386792	-0.932149162953125	1	-1	0.0576320455269833	1	0.0339021210189357	0.0213432815585	-1	0.819721788362643	0.253791886457053	0.6622864706076	0.00238369693087022	0.344363591209733	0.1513553364892
"H3K4me3_Mesenchymal_Stem_Cell_Derived_Adipocyte_Cultured_Cells"	0.0222206756042609	0.20860720597455	0.976384833720067	0.932149162953125	1	1	0.19440427951664	-0.1704142365962	0.00187489662177878	0.286091599637143	-1	0.00407173964339	0.02143959998	0.663337450988267	0.0231389810693455	0.7260351718348	0.031522034568588
"H3K4me3_Treg_Primary_Cells"	0.034928446182037	0.236961704626842	0.0256974277406133	0.0028580432283884	-1	-1	1.62340012709667e-08	4.483509560432e-06	1.9640472330328e-16	0.907296361453125	0.0006008809665938	-1	0.11308909010396	0.756603294137613	1.339081686626e-05	5.748797397736e-14	0.00015823859897292
"H3K4me3_Rectal_Smooth_Muscle"	0.015174404445927	0.236961704626842	0.25703711490382	0.05725489614172	-1	-1	0.0471467656702364	-1	1.11256895661091e-06	0.286091599637143	1	-1	0.0480382255572714	0.718714060137125	0.0011912729551635	0.17862453984865	0.0150477408322533
"H3K4me3_Chondrocytes_from_Bone_Marrow_Derived_Mesenchymal_Stem_Cell_Cultured_Cells"	0.0133078132524389	0.236961704626842	0.7876426377832	0.716292114482333	-1	-1	0.153456693878438	-0.744305304085091	0.12453747273	0.004734014712169	1	0.622037855888133	0.150970789092369	0.663337450988267	0.0330749474281862	0.775976554230462	0.115091332466357
"H3K4me3_Rectal_Mucosa"	0.00926230811137	0.309819867127913	0.0256974277406133	0.03869213169169	1	-1	0.009717695454902	0.202998972280743	5.34595350420733e-10	0.317602840793333	0.0255432667375457	0.819721788362643	0.223187572730875	0.852783736127	0.0026981262601638	0.014783728162885	0.007188121214696
